550
104
12
6
4
7
13
12
10
5
5
7
3
4
5
6
7
8
9
4
5
6
13
6
13
6
13
6
6
7
9
8
4
5
7
4
7
8
5
8
15
7
8
12
12
11
8
9
4
5
5
5
5
8
5
6
4
8
12
6
4
7
13
12
10
5
5
7
3
4
5
6
7
8
9
4
5
6
13
6
13
6
13
6
6
7
9
8
4
5
7
4
7
8
5
8
15
7
8
12
12
11
8
9
4
5
5
5
5
8
5
6
4
8
12
6
4
7
13
12
10
5
5
7
3
4
5
6
7
8
9
4
5
6
13
6
13
6
13
6
6
7
9
8
4
5
7
4
7
8
5
8
15
7
8
12
12
11
8
9
4
5
5
5
5
8
5
6
4
8
12
6
4
7
13
12
10
5
5
7
3
4
5
6
7
8
9
4
5
6
13
6
13
6
13
6
6
7
9
8
4
5
7
4
7
8
5
8
15
7
8
12
12
11
8
9
4
5
5
5
5
8
5
6
4
8
12
6
4
7
13
12
10
5
5
7
3
4
5
6
7
8
9
4
5
6
13
6
13
6
13
6
6
7
9
8
4
5
7
4
7
8
5
8
15
7
8
12
12
11
8
9
4
5
5
5
5
8
5
6
4
8
12
6
4
7
13
12
10
5
5
7
3
4
5
6
7
8
9
4
5
6
13
6
13
6
13
6
6
7
9
8
4
5
7
4
7
8
5
8
15
7
8
12
12
11
8
9
4
5
5
5
5
8
5
6
4
8
12
6
4
7
13
12
10
5
5
7
3
4
5
6
7
8
9
4
5
6
13
6
13
6
13
6
6
7
9
8
4
5
7
4
7
8
5
8
15
7
8
12
12
11
8
9
4
5
5
5
5
8
5
6
4
8
12
6
4
7
13
12
10
5
5
7
3
4
5
6
7
8
9
4
5
6
13
6
13
6
13
6
6
7
9
8
4
5
7
4
7
8
5
8
15
7
8
12
12
11
8
9
4
5
5
5
5
8
5
6
4
8
12
6
4
7
13
12
10
5
5
7
3
4
5
6
7
8
9
4
5
6
13
6
13
6
13
6
6
7
9
8
4
5
7
4
7
8
5
8
15
7
8
12
12
11
8
9
4
5
5
5
5
8
5
6
4
8
12
6
4
7
13
12
10
5
5
7
3
4
5
6
7
8
9
4
5
6
13
6
13
6
13
6
6
7
9
8
4
5
7
4
7
8
5
8
15
7
8
12
12
11
8
9
4
5
5
5
5
8
5
6
4
8